li r0, 16               0b1101-00010000-0000
li r1, 8                0b1101-00001000-0001
add r2, r0, r1          0b0000-0000-0001-0010
sub r3, r0, r1          0b0010-0000-0001-0011
sub r4, r1, r0          0b0010-0001-0000-0100
mul r5, r1, r0          0b0011-0001-0000-0101
div r6, r0, r1          0b0100-0000-0001-0110
li r10, 0               0b1101-00000000-1010
sw r2, r10              0b0110-0000-1010-0000
li r10, 1               0b1101-00000001-1010
sw r3, r10              0b0110-0001-1010-0000
li r10, 2               0b1101-00000010-1010
sw r4, r10              0b0110-0010-1010-0000



0b1101000100000000
0b1101000010000001
0b0000000000010010
0b0010000000010011
0b0010000100000100
0b0011000100000101
0b0100000000010110
0b1101000000001010
0b0110000010100000
0b1101000000011010
0b0110000110100000
0b1101000000101010
0b0110001010100000
0b1111000000000000


r0 <- 16    v
r1 <- 8     v
r2 <- 24    v
r3 <- 8     v
r4 <- -8    v
r5 <- 128   v
r6 <- 2     v
m0 <- 16    
m1 <- 8
m2 <- 24

0b1101000100000000
0b1101000010000001
0b0000000000010010
0b0010000000010011
0b0010000100000100
0b0011000100000101
0b0100000000010110
0b1101000000001010
0b0110000010100000
0b1101000000011010
0b0110000110100000
0b1101000000101010
0b0110001010100000
0b1111000000000000


li r0, 16               
li r1, 16
jal r15, 3               
li r2, 16               
li r3, 16               
li r4, 16               
li r5, 16               
li r6, 16               
li r7, 16               

0b0000000000000000
0b1101000100000000
0b1101000100000001
0b1011000000111111
0b1101000100000010
0b1101000100000011
0b1101000100000100
0b1101000100000101
0b1101000100000110
0b1101000100000111